Yaws
-2.617993877991494 -2.0943951023931957 -1.5707963267948966 -1.0471975511965974 -0.5235987755982991 0.0 0.5235987755982988 1.0471975511965976 1.5707963267948966 2.0943951023931953 2.6179938779914944 3.141592653589793 

Neighbors
0 3
2 3
-2 3
3 0
3 2
3 -2
-3 0
-3 2
-3 -2
0 -3
2 -3
-2 -3
1 3
2 3
3 2
-1 3
-2 3
-3 2
-1 -3
-2 -3
-3 -2
1 -3
2 -3
3 -2
2 3
3 1
3 2
-2 3
-3 1
-3 2
-2 -3
-3 -1
-3 -2
2 -3
3 -1
3 -2

Edge
0.0 0.0 1.5707963267948966
1.4675262380189172e-08 0.006521727820966794 1.5707940743620554
5.1467187878925945e-08 0.018972363522986473 1.5707933706523638
7.442904453177227e-08 0.03675891693266423 1.5707950352739237
8.393942057416979e-08 0.05928853332369018 1.5707959046962252
9.375293202812821e-08 0.08596843449076073 1.5707959588312572
9.787599843365314e-08 0.11620555637292695 1.5707961904368524
9.747878641821155e-08 0.14940709135050836 1.5707963387947492
9.166326278327102e-08 0.18498027825454255 1.5707964901614213
8.27257232541531e-08 0.22233200832682865 1.5707965659084384
7.136740481178247e-08 0.26086950373226764 1.570796621324916
5.761455706916666e-08 0.3000000035901393 1.570796677900327
4.284544367883386e-08 0.3391303859800978 1.570796703868996
2.7773468759805346e-08 0.3776678864927243 1.5707967175541264
1.415035490641458e-08 0.4150197282423234 1.5707966913684115
1.6733701724884758e-09 0.450592807905103 1.5707966774254583
-8.802562146711217e-09 0.4837943582337503 1.5707966422613746
-1.3407102370875105e-08 0.5140315700474067 1.5707964790907962
-1.3083057721229768e-08 0.5407113902878854 1.5707963145433677
-3.7020368064051316e-09 0.5632410323915868 1.5707959099362556
-7.247018598584222e-09 0.5810276381572563 1.5707965255791818
-3.993428978779706e-19 0.5934782355507562 1.5707957443030578
1.0053823426925145e-93 0.6 1.5707963267948966
0.0 0.6 1.5707963267948966
0.0 0.6 1.5707963267948966

Edge
0.0 0.0 1.5707963267948966
0.00012132268747535491 0.008528106234828567 1.5565710696876216
0.0007857008361969633 0.024661580067735965 1.5296394757536294
0.002595977703765556 0.047447435948386206 1.4915154570573954
0.00623165528395409 0.07589491768983991 1.4436822732994008
0.012361581545993018 0.10897500172434349 1.3875690476184441
0.021574917973132546 0.14562827107977766 1.324533694934904
0.034330657178317334 0.18478176306733918 1.2558518424869936
0.05092395907248319 0.22537071549445326 1.1827154777193263
0.0714670376257146 0.2663636251574646 1.1062392432979127
0.09588277878137379 0.30678974726720437 1.0274705025693587
0.1239074604958456 0.3457649086143351 0.9474061156585042
0.15463429983646138 0.38290610973149836 0.8796305081172098
0.18628705914156485 0.41870119643586234 0.8467363875273587
0.21812498699962138 0.4527149188625344 0.81842699877754
0.24945333857264518 0.4844665546265767 0.7921083397289836
0.2796092420649302 0.5134415307288802 0.7654294020934784
0.3086602800899368 0.5382921507532115 0.7076278981908689
0.3356331891728842 0.5588428660035398 0.6510750179171977
0.35937234838816734 0.5751886342601936 0.6030048571167597
0.37873293158966614 0.5874560157059876 0.5647787105562001
0.39261463952492925 0.5957360601416555 0.5378210437777264
0.39999999999999997 0.6 0.5235987755982988
0.4 0.6 0.5235987755982988
0.4 0.6 0.5235987755982988

Edge
0.0 0.0 1.5707963267948966
-0.00012132268747537669 0.008528106234829346 1.5850215839021728
-0.0007857008361971268 0.02466158006773849 1.6119531778361682
-0.0025959777037661467 0.047447435948391514 1.6500771965324068
-0.006231655283955597 0.07589491768984896 1.6979103802904076
-0.012361581545996137 0.108975001724357 1.754023605971372
-0.021574917973138156 0.14562827107979612 1.817058958654921
-0.034330657178326375 0.1847817630673627 1.8857408111028413
-0.050923959072496576 0.2253707154944814 1.9588771758705184
-0.07146703762573306 0.2663636251574967 2.0353534102919415
-0.09588277878139775 0.30678974726723907 2.1141221510205046
-0.12390746049587499 0.34576490861437115 2.1941865379313654
-0.15463429983659216 0.3829061097314536 2.2619621454752714
-0.18628705914175445 0.41870119643578074 2.2948562660638667
-0.21812498699981933 0.45271491886246373 2.3231656548122235
-0.24945333857278834 0.4844665546265738 2.349484313858869
-0.27960924206493354 0.5134415307290209 2.3761632514915227
-0.30866028008998825 0.5382921507532658 2.433964755401461
-0.33563318917292856 0.5588428660035748 2.490517635672922
-0.35937234838819915 0.5751886342602152 2.5385877964731676
-0.3787329315896846 0.5874560157059988 2.576813943033659
-0.3926146395249363 0.5957360601416595 2.603771609812092
-0.4 0.6 2.6179938779914944
-0.4 0.6 2.6179938779914944
-0.4 0.6 2.6179938779914944

Edge
0.0 0.0 0.0
0.00652172265133552 0.0 0.0
0.018972352749380566 0.0 0.0
0.036758901535917585 0.0 0.0
0.059288514782134226 0.0 0.0
0.08596841441159127 0.0 0.0
0.11620553631415502 0.0 0.0
0.1494070727194395 0.0 0.0
0.18498026224660621 0.0 0.0
0.22233199588706784 0.0 0.0
0.26086949552919647 0.0 0.0
0.3000000000001105 0.0 0.0
0.3391303870797452 0.0 0.0
0.37766789205782925 0.0 0.0
0.4150197377536006 0.0 0.0
0.4505928205614074 0.0 0.0
0.4837943729745601 0.0 0.0
0.5140315855885728 0.0 0.0
0.5407114051784827 0.0 0.0
0.563241045104487 0.0 0.0
0.5810276472507118 0.0 0.0
0.5934782399969311 0.0 0.0
0.6 0.0 0.0
0.6 0.0 0.0
0.6 0.0 0.0

Edge
0.0 0.0 0.0
0.008528106234829108 0.00012132268747537005 0.014225257107275926
0.02466158006773766 0.0007857008361970747 0.04115685104127032
0.04744743594838968 0.002595977703765944 0.0792808697375072
0.07589491768984571 0.006231655283955054 0.12711405349550556
0.10897500172435202 0.012361581545994984 0.183227279176467
0.14562827107978918 0.02157491797313603 0.2462626318600124
0.18478176306735367 0.0343306571783229 0.3149444843079288
0.22537071549447044 0.050923959072491365 0.3880808490756018
0.2663636251574841 0.0714670376257258 0.46455708349702096
0.3067897472672253 0.09588277878138823 0.54332582422558
0.34576490861435677 0.1239074604958632 0.6233902111364382
0.38290610973148176 0.15463429983652738 0.6911658186789656
0.41870119643582754 0.1862870591416595 0.7240599392682385
0.4527149188625042 0.21812498699972044 0.7523693280173586
0.4844665546265788 0.24945333857271768 0.77868798706498
0.5134415307289532 0.279609242064933 0.8053669246990415
0.5382921507532397 0.3086602800899641 0.8631684286053363
0.558842866003558 0.3356331891729075 0.9197213088778623
0.5751886342602048 0.359372348388184 0.967791469678204
0.5874560157059934 0.37873293158967575 1.0060176162387293
0.5957360601416576 0.3926146395249329 1.0329752830171826
0.6 0.39999999999999997 1.0471975511965976
0.6 0.4 1.0471975511965976
0.6 0.4 1.0471975511965976

Edge
0.0 0.0 0.0
0.008528106234829108 -0.00012132268747537002 -0.014225257107275924
0.024661580067737658 -0.0007857008361970745 -0.041156851041270315
0.04744743594838967 -0.0025959777037659433 -0.07928086973750718
0.07589491768984569 -0.006231655283955052 -0.12711405349550556
0.108975001724352 -0.01236158154599498 -0.183227279176467
0.14562827107978912 -0.02157491797313603 -0.24626263186001243
0.1847817630673536 -0.03433065717832289 -0.3149444843079288
0.22537071549447035 -0.05092395907249136 -0.3880808490756018
0.26636362515748396 -0.07146703762572579 -0.46455708349702096
0.30678974726722524 -0.09588277878138822 -0.54332582422558
0.34576490861435666 -0.1239074604958632 -0.6233902111364382
0.3829061097314817 -0.15463429983652735 -0.6911658186789655
0.4187011964358275 -0.18628705914165952 -0.7240599392682384
0.4527149188625042 -0.21812498699972044 -0.7523693280173585
0.4844665546265787 -0.24945333857271762 -0.7786879870649797
0.5134415307289533 -0.27960924206493293 -0.805366924699041
0.5382921507532397 -0.30866028008996405 -0.8631684286053363
0.558842866003558 -0.3356331891729075 -0.9197213088778624
0.5751886342602048 -0.35937234838818394 -0.967791469678204
0.5874560157059934 -0.37873293158967575 -1.0060176162387293
0.5957360601416576 -0.3926146395249329 -1.0329752830171826
0.6 -0.39999999999999997 -1.0471975511965976
0.6 -0.4 -1.0471975511965976
0.6 -0.4 -1.0471975511965976

Edge
0.0 0.0 3.141592653589793
-0.0065217226298186996 -1.4015352111937776e-11 -3.1415926514408143
-0.01897235270914412 -4.7135774683820346e-11 -3.1415926509297054
-0.03675890148075895 -9.755926248683521e-11 -3.1415926507549203
-0.05928851471565115 -1.6244097625870875e-10 -3.1415926507099954
-0.08596841433709652 -2.3861779568058885e-10 -3.1415926507346166
-0.11620553623464644 -3.22762104865067e-10 -3.141592650807027
-0.14940707263760988 -4.1146951147965087e-10 -3.1415926509180605
-0.1849802621648444 -5.012767167620404e-10 -3.141592651065271
-0.22233199580746021 -5.886707397095585e-10 -3.141592651250085
-0.2608694954535278 -6.700922950280159e-10 -3.1415926514770494
-0.2999999999298648 -7.419306541349629e-10 -3.141592651753963
-0.3391303870161062 -8.00512769061882e-10 -3.1415926520927187
-0.37766789200168066 -8.420861788647143e-10 -3.1415926525110307
-0.41501973770552664 -8.627875804789521e-10 -3.141592653035572
-0.4505928205216939 -8.585919592754999e-10 3.1415926534718497
-0.4837943729431968 -8.252233464241644e-10 3.1415926525847593
-0.5140315855652595 -7.579879768052952e-10 3.141592651366171
-0.5407114051626474 -6.514400031659759e-10 3.1415926495961193
-0.5632410450953425 -4.986341827970744e-10 3.141592646807079
-0.5810276472475067 -2.892808055057211e-10 3.1415926418186935
-0.5934782399994588 -7.98685250946993e-19 3.141592630352916
-0.6 1.2154326714572542e-63 3.141592653589793
-0.6 1.2154326714572542e-63 3.141592653589793
-0.6 0.0 3.141592653589793

Edge
0.0 0.0 3.141592653589793
-0.008528106234829528 0.00012132268747538219 3.1273673964825166
-0.024661580067739185 0.0007857008361971741 3.10043580254852
-0.04744743594839312 0.0025959777037663314 3.06231178385228
-0.07589491768985188 0.0062316552839561026 3.014478600094277
-0.10897500172436161 0.012361581545997242 2.9583653744133094
-0.14562827107980264 0.021574917973140203 2.895330021729757
-0.1847817630673712 0.03433065717832976 2.826648169281833
-0.22537071549449184 0.0509239590725017 2.7535118045141513
-0.2663636251575088 0.07146703762574026 2.677035570092724
-0.30678974726725244 0.0958827787814072 2.598266829364158
-0.34576490861438525 0.12390746049588666 2.5182024424532945
-0.3829061097314189 0.15463429983666444 2.450426834907805
-0.4187011964357247 0.18628705914186097 2.417532714319992
-0.4527149188624153 0.21812498699993038 2.389223325572506
-0.4844665546265657 0.24945333857286767 2.36290466652696
-0.5134415307290944 0.2796092420649345 2.336225728895873
-0.5382921507532942 0.30866028009001456 2.2784242249819013
-0.558842866003593 0.3356331891729515 2.221871344711589
-0.5751886342602265 0.35937234838821563 2.1738011839114475
-0.5874560157060048 0.3787329315896942 2.1355750373509936
-0.5957360601416616 0.3926146395249399 2.1086173705725835
-0.6 0.4 2.0943951023931953
-0.6 0.4 2.0943951023931953
-0.6 0.4 2.0943951023931953

Edge
0.0 0.0 3.141592653589793
-0.008528106234826732 -0.00012132268747530036 -3.1273673964825215
-0.024661580067730428 -0.0007857008361966065 -3.100435802548535
-0.04744743594837524 -0.002595977703764341 -3.0623117838523104
-0.07589491768982207 -0.006231655283951119 -3.0144786000943276
-0.10897500172431773 -0.012361581545987075 -2.9583653744133844
-0.14562827107974355 -0.02157491797312218 -2.89533002172986
-0.18478176306729685 -0.03433065717830101 -2.8266481692819654
-0.2253707154944035 -0.050923959072459495 -2.7535118045143143
-0.26636362515740897 -0.07146703762568248 -2.6770355700929156
-0.3067897472671448 -0.09588277878133271 -2.598266829364375
-0.3457649086142743 -0.12390746049579578 -2.5182024424535308
-0.3829061097315035 -0.15463429983632576 -2.45042683491435
-0.4187011964359023 -0.18628705914137558 -2.4175327143235803
-0.45271491886256937 -0.21812498699942232 -2.3892233255725173
-0.4844665546265541 -0.24945333857249619 -2.362904666522174
-0.513441530728719 -0.27960924206492094 -2.336225728883665
-0.5382921507531481 -0.30866028008987556 -2.2784242249885986
-0.5588428660034992 -0.33563318917283214 -2.221871344712465
-0.5751886342601685 -0.3593723483881304 -2.1738011839118068
-0.5874560157059745 -0.37873293158964494 -2.1355750373511704
-0.5957360601416509 -0.39261463952492137 -2.1086173705726514
-0.6 -0.4 -2.0943951023931957
-0.6 -0.4 -2.0943951023931957
-0.6 -0.4 -2.0943951023931957

Edge
0.0 0.0 -1.5707963267948966
-1.4745468023366325e-09 -0.006521718496460647 -1.570796552932027
-3.2233947532591754e-09 -0.018972343769597878 -1.5707964672762387
-5.044151526877807e-09 -0.03675888838058902 -1.570796429170077
-6.86133474186959e-09 -0.05928849870050698 -1.5707964074559007
-8.623090274505504e-09 -0.08596839689659684 -1.5707963928290765
-1.0288503670519583e-08 -0.11620551889227539 -1.5707963818732003
-1.1822131265320746e-08 -0.14940705681486266 -1.5707963729855807
-1.3191408223308272e-08 -0.18498024908915553 -1.5707963652856556
-1.436530355783202e-08 -0.22233198644880328 -1.5707963582219175
-1.5313559870272397e-08 -0.2608694904817777 -1.570796351399963
-1.6006143714876624e-08 -0.2999999996883434 -1.5707963444934565
-1.6412803938307447e-08 -0.33913039150884117 -1.5707963371868692
-1.6502623347009554e-08 -0.37766790089345725 -1.5707963291254776
-1.6243424091371057e-08 -0.41501975033458216 -1.5707963198557238
-1.560090373408015e-08 -0.4505928359261674 -1.5707963087334065
-1.4537135347141796e-08 -0.48379438990386053 -1.5707962947557323
-1.3007704004816353e-08 -0.514031602668914 -1.5707962762139518
-1.0955407521388697e-08 -0.5407114208943613 -1.5707962498704227
-8.293136976707627e-09 -0.5632410579746486 -1.5707962086221716
-4.8430748291567565e-09 -0.5810276560391897 -1.570796132809285
1.1980271286457734e-18 -0.5934782440701548 -1.570795937765519
0.0 -0.6 -1.5707963267948966
0.0 -0.6 -1.5707963267948966
0.0 -0.6 -1.5707963267948966

Edge
0.0 0.0 -1.5707963267948966
0.00012132268747537176 -0.008528106234829297 -1.556571069687621
0.0007857008361971052 -0.02466158006773833 -1.5296394757536254
0.0025959777037660803 -0.047447435948391174 -1.4915154570573872
0.00623165528395545 -0.07589491768984837 -1.4436822732993875
0.012361581545995858 -0.10897500172435615 -1.387569047618423
0.02157491797313769 -0.14562827107979492 -1.3245336949348747
0.034330657178325674 -0.18478176306736113 -1.2558518424869547
0.05092395907249558 -0.22537071549447957 -1.1827154777192783
0.07146703762573173 -0.26636362515749457 -1.1062392432978552
0.09588277878139605 -0.3067897472672368 -1.027470502569293
0.12390746049587287 -0.3457649086143688 -0.947406115658433
0.1546342998365829 -0.38290610973145706 -0.8796305081147109
0.18628705914174107 -0.4187011964357866 -0.8467363875260254
0.21812498699980545 -0.4527149188624688 -0.8184269987775661
0.24945333857277835 -0.484466554626574 -0.7921083397307864
0.2796092420649333 -0.5134415307290111 -0.7654294020979338
0.3086602800899847 -0.5382921507532619 -0.7076278981885071
0.33563318917292545 -0.5588428660035722 -0.6510750179168943
0.35937234838819687 -0.5751886342602136 -0.6030048571166349
0.3787329315896833 -0.587456015705998 -0.5647787105561397
0.3926146395249358 -0.5957360601416591 -0.5378210437777033
0.4 -0.6 -0.5235987755982991
0.4 -0.6 -0.5235987755982991
0.4 -0.6 -0.5235987755982991

Edge
0.0 0.0 -1.5707963267948966
-0.0001213226874753577 -0.008528106234828607 -1.5850215839021713
-0.0007857008361969737 -0.024661580067736038 -1.6119531778361642
-0.0025959777037655694 -0.04744743594838629 -1.650077196532398
-0.006231655283954083 -0.07589491768983994 -1.6979103802903914
-0.012361581545992983 -0.10897500172434342 -1.7540236059713488
-0.021574917973132456 -0.14562827107977744 -1.8170589586548882
-0.03433065717831713 -0.18478176306733876 -1.8857408111027985
-0.05092395907248281 -0.22537071549445264 -1.958877175870465
-0.07146703762571399 -0.2663636251574638 -2.0353534102918776
-0.09588277878137293 -0.30678974726720337 -2.1141221510204318
-0.12390746049584443 -0.3457649086143341 -2.1941865379312855
-0.15463429983644622 -0.3829061097315088 -2.261962145472209
-0.18628705914154206 -0.4187011964358774 -2.2948562660622502
-0.21812498699959773 -0.45271491886254744 -2.323165654812269
-0.24945333857262866 -0.4844665546265804 -2.3494843138610686
-0.2796092420649304 -0.5134415307288662 -2.376163251496897
-0.30866028008993196 -0.538292150753206 -2.433964755398667
-0.33563318917288 -0.5588428660035363 -2.49051763567256
-0.35937234838816423 -0.5751886342601914 -2.5385877964730184
-0.37873293158966437 -0.5874560157059864 -2.576813943033586
-0.3926146395249287 -0.595736060141655 -2.603771609812064
-0.4 -0.6 -2.617993877991494
-0.4 -0.6 -2.617993877991494
-0.4 -0.6 -2.617993877991494

Edge
0.0 0.0 1.0471975511965976
0.003447186173451072 0.006135874999487739 1.058932384362973
0.009754533932459827 0.01797534732192633 1.081301889317995
0.01820918007666391 0.035143736993124945 1.1132035340007735
0.02867956796901438 0.05698465352415427 1.1237696031396789
0.04084745358565747 0.0829273659516487 1.1322310153533948
0.054391244183583855 0.11240192897340515 1.1400639300185604
0.06898862869115538 0.14483882012052893 1.1479223140827899
0.08431628572465301 0.1796688577935081 1.1562307509726435
0.10004909984541067 0.2163230537166852 1.1653544310175779
0.11585939781301845 0.25423363596071497 1.175685597985857
0.13141482591225367 0.2928343799003574 1.1877213913965161
0.1463738989157879 0.33156158322764173 1.202183784351811
0.1603748529409364 0.36985827812028343 1.2202994274452603
0.17299188409034735 0.407186880380722 1.2448525442654235
0.18273773822690378 0.4433060244265373 1.3072474515651262
0.1898529971613519 0.47746704737634127 1.3654464116112444
0.19467990346809783 0.5089201024730524 1.4185205036330706
0.19763981303005831 0.5369225374112985 1.4654855098081936
0.1992022186600074 0.5607443310825533 1.505302892920512
0.19984422026575419 0.5796685162966968 1.5368844053537414
0.2 0.5929879924323431 1.5591012248017249
0.2 0.6 1.5707963267948966
0.2 0.6 1.5707963267948966
0.2 0.6 1.5707963267948966

Edge
0.0 0.0 1.0471975511965976
0.004009341403355559 0.006739372969421364 1.0341255745707936
0.011978094544757144 0.019404183458002423 1.0091794100989433
0.023644150827272625 0.03731245443782955 0.9934136946530255
0.03858121024852088 0.05989448823056722 0.9864086278623797
0.056385630146940376 0.08656323201694788 0.9821383405978974
0.07665077848449978 0.11673278130610536 0.9793112120662768
0.09896809913960836 0.14981874539091758 0.977372829364595
0.12292777971275855 0.18523758545131924 0.9760394517365691
0.14811894859515723 0.22240594514881534 0.9751540733305394
0.1741303871812034 0.2607411687189168 0.9746284226180993
0.20055045480572425 0.29966090282495644 0.9744169132298176
0.22696689653688454 0.33858268073548076 0.9745050914281942
0.25296733794570014 0.3769246308978393 0.9749063835591559
0.2781389912400936 0.41410513689820805 0.9756656410355469
0.3020683294370914 0.4495425970335711 0.976871187181461
0.3243412929551817 0.4826562337853708 0.9786820635021106
0.3445425187689462 0.5128660367105021 0.9813889391789262
0.362253889002753 0.5395933676608697 0.985566536856196
0.3770498222936877 0.5622645695340628 0.992573640468454
0.3884303680565792 0.5803519170741598 1.00918301336513
0.396079521297003 0.5932095316964175 1.0341261717898387
0.39999999999999997 0.6 1.0471975511965976
0.4 0.6 1.0471975511965976
0.4 0.6 1.0471975511965976

Edge
0.0 0.0 1.0471975511965976
0.004158267670134146 0.00698204570333261 1.0336436431467655
0.012383961106388624 0.020019135231284034 1.0079329900652965
0.024720430425076493 0.0380769046898975 0.9714573466790106
0.041261802409347806 0.06005345119379439 0.925580336329092
0.06208501780664174 0.0848168259845534 0.8716163119007839
0.08719884664182054 0.11124083577792604 0.8108144179659074
0.11651062436894065 0.13823971786047876 0.7443473871874604
0.14980773585517684 0.16479929352718942 0.6733088440402559
0.18675164462280328 0.19000449442936132 0.5987176633590641
0.22677035320204345 0.21325842709954998 0.5263889685497998
0.2682472480053672 0.23597897811673332 0.5011434592004127
0.3103935492264673 0.2580265082806757 0.48197127431153913
0.3524380673534773 0.2792248200246275 0.4669918289394691
0.3936144788546358 0.2993857616619867 0.45531206071830926
0.4331572439505829 0.31831725355772694 0.44651163764312685
0.47030085777697717 0.33582718292873137 0.4405164318842326
0.5042785188874505 0.35172535730127863 0.4376401003652297
0.5343204651486951 0.3658262773729168 0.4388483432963834
0.5596468551222983 0.3779642770297336 0.44692074713989405
0.5793067149007982 0.3882984248842099 0.483954130285791
0.5929098454634368 0.3959064973697192 0.5099464042237335
0.6 0.39999999999999997 0.5235987755982988
0.6 0.4 0.5235987755982988
0.6 0.4 0.5235987755982988

Edge
0.0 0.0 2.0943951023931953
-0.0034471861734510657 0.006135874999487735 2.0826602692268197
-0.009754533932459808 0.01797534732192633 2.060290764271797
-0.01820918007666388 0.035143736993124945 2.028389119589019
-0.028679567969014347 0.05698465352415425 2.0178230504501147
-0.04084745358565745 0.08292736595164867 2.009361638236399
-0.054391244183583855 0.1124019289734051 2.001528723571233
-0.06898862869115541 0.14483882012052887 1.9936703395070041
-0.08431628572465305 0.179668857793508 1.9853619026171503
-0.10004909984541073 0.2163230537166851 1.9762382225722162
-0.11585939781301852 0.25423363596071485 1.9659070556039369
-0.13141482591225376 0.29283437990035727 1.9538712621932772
-0.14637389891578798 0.3315615832276417 1.9394088692379825
-0.16037485294093645 0.3698582781202834 1.9212932261445328
-0.1729918840903474 0.4071868803807219 1.8967401093243692
-0.18273773822690378 0.4433060244265373 1.8343452020246664
-0.1898529971613519 0.47746704737634127 1.7761462419785483
-0.19467990346809783 0.5089201024730524 1.7230721499567223
-0.19763981303005831 0.5369225374112986 1.6761071437815998
-0.1992022186600074 0.5607443310825533 1.6362897606692812
-0.19984422026575419 0.5796685162966968 1.6047082482360517
-0.2 0.592987992432343 1.5824914287880683
-0.2 0.6 1.5707963267948966
-0.2 0.6 1.5707963267948966
-0.2 0.6 1.5707963267948966

Edge
0.0 0.0 2.0943951023931953
-0.00400934140335556 0.006739372969421372 2.1074670790189995
-0.01197809454475717 0.01940418345800243 2.1324132434908516
-0.02364415082727261 0.037312454437829594 2.1481789589367652
-0.038581210248520854 0.05989448823056729 2.155184025727413
-0.05638563014694037 0.08656323201694795 2.159454312991896
-0.07665077848449979 0.11673278130610541 2.1622814415235174
-0.09896809913960843 0.14981874539091763 2.1642198242251998
-0.1229277797127587 0.18523758545131924 2.1655532018532258
-0.14811894859515748 0.2224059451488153 2.166438580259256
-0.17413038718120372 0.2607411687189167 2.166964230971696
-0.20055045480572464 0.29966090282495633 2.1671757403599776
-0.22696689653688498 0.3385826807354806 2.167087562161601
-0.2529673379457007 0.3769246308978391 2.166686270030639
-0.27813899124009417 0.4141051368982077 2.165927012554248
-0.30206832943709194 0.4495425970335708 2.1647214664083334
-0.32434129295518227 0.4826562337853705 2.1629105900876833
-0.34454251876894665 0.5128660367105018 2.1602037144108666
-0.3622538890027534 0.5395933676608694 2.1560261167335955
-0.37704982229368805 0.5622645695340627 2.1490190131213356
-0.3884303680565792 0.5803519170741598 2.132409640224648
-0.396079521297003 0.5932095316964175 2.1074664817999538
-0.39999999999999997 0.6 2.0943951023931953
-0.4 0.6 2.0943951023931953
-0.4 0.6 2.0943951023931953

Edge
0.0 0.0 2.0943951023931953
-0.00415826767012972 0.006982045703325411 2.107949010443013
-0.01238396110637543 0.020019135231264102 2.1336596635244565
-0.02472043042505011 0.03807690468986117 2.170135306910707
-0.04126180240930378 0.06005345119373997 2.216012317260584
-0.06208501780657579 0.0848168259844811 2.269976341688846
-0.0871988466417289 0.11124083577783793 2.330778235623674
-0.11651062436882044 0.13823971786037842 2.397245266402072
-0.14980773585502635 0.16479929352708175 2.4682838095492285
-0.18675164462262195 0.1900044944292527 2.542874990230358
-0.22677035320190755 0.21325842709931764 2.6152036850427995
-0.2682472480052632 0.23597897811642893 2.6404491943910404
-0.3103935492263867 0.25802650828033746 2.6596213792791117
-0.3524380673534136 0.27922482002428584 2.6746008246505495
-0.39361447885458356 0.29938576166166614 2.6862805928711824
-0.43315724395053784 0.31831725355744667 2.6950810159459087
-0.4703008577769357 0.3358271829285057 2.701076221704396
-0.5042785188874097 0.35172535730111715 2.7039525532230226
-0.5343204651486526 0.36582627737282414 2.7027443102915125
-0.5596468551222539 0.37796427702970753 2.6946719064477302
-0.5793067149007742 0.3882984248841963 2.6576385233039312
-0.5929098454634283 0.39590649736971434 2.6316462493660526
-0.6 0.4 2.6179938779914944
-0.6 0.4 2.6179938779914944
-0.6 0.4 2.6179938779914944

Edge
0.0 0.0 -2.0943951023931957
-0.003447186173451075 -0.006135874999487732 -2.082660269226821
-0.009754533932459836 -0.017975347321926318 -2.060290764271798
-0.018209180076663924 -0.035143736993124924 -2.0283891195890194
-0.028679567969014396 -0.056984653524154244 -2.0178230504501142
-0.04084745358565748 -0.08292736595164867 -2.009361638236398
-0.05439124418358383 -0.11240192897340512 -2.001528723571232
-0.06898862869115535 -0.14483882012052893 -1.9936703395070028
-0.08431628572465295 -0.17966885779350805 -1.9853619026171492
-0.10004909984541058 -0.21632305371668512 -1.9762382225722144
-0.11585939781301834 -0.2542336359607149 -1.9659070556039353
-0.13141482591225354 -0.2928343799003573 -1.9538712621932763
-0.14637389891578775 -0.33156158322764173 -1.9394088692379823
-0.16037485294093626 -0.3698582781202834 -1.9212932261445328
-0.17299188409034724 -0.407186880380722 -1.8967401093243703
-0.18273773822690365 -0.44330602442653727 -1.834345202024667
-0.1898529971613518 -0.47746704737634127 -1.776146241978549
-0.19467990346809777 -0.5089201024730524 -1.7230721499567228
-0.19763981303005823 -0.5369225374112986 -1.6761071437816
-0.1992022186600073 -0.5607443310825533 -1.636289760669282
-0.19984422026575416 -0.5796685162966968 -1.6047082482360517
-0.19999999999999998 -0.5929879924323431 -1.5824914287880683
-0.19999999999999998 -0.6 -1.5707963267948966
-0.2 -0.6 -1.5707963267948966
-0.2 -0.6 -1.5707963267948966

Edge
0.0 0.0 -2.0943951023931957
-0.004009341403355566 -0.006739372969421368 -2.107467079019
-0.011978094544757185 -0.019404183458002423 -2.132413243490852
-0.023644150827272628 -0.037312454437829594 -2.1481789589367652
-0.03858121024852087 -0.0598944882305673 -2.1551840257274124
-0.056385630146940376 -0.08656323201694796 -2.1594543129918957
-0.0766507784844998 -0.11673278130610544 -2.1622814415235165
-0.09896809913960844 -0.1498187453909177 -2.1642198242251993
-0.12292777971275871 -0.1852375854513193 -2.1655532018532258
-0.14811894859515748 -0.22240594514881534 -2.166438580259255
-0.17413038718120372 -0.2607411687189168 -2.166964230971695
-0.20055045480572464 -0.2996609028249564 -2.167175740359977
-0.226966896536885 -0.33858268073548065 -2.1670875621616013
-0.2529673379457007 -0.3769246308978392 -2.166686270030638
-0.27813899124009417 -0.41410513689820794 -2.1659270125542474
-0.302068329437092 -0.4495425970335709 -2.1647214664083334
-0.3243412929551823 -0.48265623378537065 -2.162910590087683
-0.34454251876894676 -0.5128660367105019 -2.1602037144108666
-0.3622538890027535 -0.5395933676608696 -2.156026116733595
-0.3770498222936881 -0.5622645695340627 -2.149019013121336
-0.3884303680565792 -0.5803519170741598 -2.1324096402246484
-0.3960795212970031 -0.5932095316964175 -2.107466481799954
-0.4 -0.6 -2.0943951023931957
-0.4 -0.6 -2.0943951023931957
-0.4 -0.6 -2.0943951023931957

Edge
0.0 0.0 -2.0943951023931957
-0.004158267670146604 -0.006982045703352894 -2.1079490104430683
-0.012383961106425773 -0.0200191352313402 -2.1336596635246092
-0.02472043042515078 -0.03807690468999986 -2.1701353069109937
-0.04126180240947171 -0.06005345119394768 -2.21601231726103
-0.062085017806827146 -0.08481682598475682 -2.2699763416894685
-0.08719884664207783 -0.11124083577817363 -2.3307782356244826
-0.11651062436927764 -0.13823971786076 -2.3972452664030683
-0.14980773585559798 -0.16479929352748987 -2.4682838095504187
-0.18675164462331476 -0.1900044944296546 -2.5428749902320043
-0.22677035320243152 -0.2132584271001786 -2.6152036850323803
-0.2682472480056718 -0.2359789781175448 -2.640449194385141
-0.3103935492267135 -0.2580265082815588 -2.659621379276352
-0.35243806735368344 -0.27922482002549637 -2.67460082465021
-0.39361447885481526 -0.29938576166277614 -2.686280592872781
-0.4331572439507453 -0.3183172535583907 -2.695081015949077
-0.47030085777712816 -0.33582718292924135 -2.701076221708821
-0.5042785188875922 -0.3517253573016247 -2.7039525532284077
-0.5343204651488256 -0.36582627737310713 -2.7027443102975135
-0.5596468551224105 -0.3779642770297968 -2.6946719064537135
-0.5793067149008574 -0.3882984248842436 -2.6576385233040694
-0.5929098454634575 -0.3959064973697312 -2.631646249366063
-0.6 -0.4 -2.617993877991494
-0.6 -0.4 -2.617993877991494
-0.6 -0.4 -2.617993877991494

Edge
0.0 0.0 -1.0471975511965974
0.0034471861734510717 -0.006135874999487738 -1.058932384362973
0.009754533932459824 -0.01797534732192633 -1.081301889317995
0.0182091800766639 -0.03514373699312495 -1.1132035340007738
0.028679567969014372 -0.05698465352415428 -1.1237696031396789
0.04084745358565747 -0.0829273659516487 -1.132231015353395
0.05439124418358386 -0.11240192897340515 -1.1400639300185604
0.06898862869115541 -0.14483882012052895 -1.1479223140827894
0.08431628572465301 -0.1796688577935081 -1.156230750972643
0.1000490998454107 -0.2163230537166852 -1.165354431017577
0.11585939781301849 -0.254233635960715 -1.175685597985857
0.13141482591225373 -0.29283437990035743 -1.187721391396516
0.14637389891578798 -0.33156158322764184 -1.20218378435181
0.16037485294093645 -0.3698582781202835 -1.2202994274452603
0.1729918840903474 -0.407186880380722 -1.2448525442654237
0.18273773822690378 -0.4433060244265374 -1.307247451565127
0.1898529971613519 -0.4774670473763413 -1.365446411611245
0.19467990346809783 -0.5089201024730524 -1.4185205036330713
0.1976398130300583 -0.5369225374112985 -1.4654855098081931
0.19920221866000734 -0.5607443310825533 -1.5053028929205121
0.19984422026575419 -0.5796685162966967 -1.5368844053537414
0.19999999999999998 -0.5929879924323431 -1.5591012248017249
0.19999999999999998 -0.6 -1.5707963267948966
0.2 -0.6 -1.5707963267948966
0.2 -0.6 -1.5707963267948966

Edge
0.0 0.0 -1.0471975511965974
0.004009341403355554 -0.006739372969421362 -1.034125574570794
0.011978094544757047 -0.019404183458002468 -1.00917941009895
0.02364415082727253 -0.03731245443782957 -0.9934136946530252
0.038581210248520785 -0.05989448823056724 -0.9864086278623789
0.05638563014694028 -0.08656323201694789 -0.9821383405978974
0.07665077848449967 -0.11673278130610537 -0.9793112120662766
0.09896809913960825 -0.1498187453909176 -0.9773728293645956
0.12292777971275845 -0.1852375854513193 -0.9760394517365691
0.14811894859515715 -0.2224059451488154 -0.9751540733305397
0.1741303871812033 -0.2607411687189169 -0.9746284226180997
0.20055045480572412 -0.29966090282495655 -0.9744169132298177
0.22696689653688434 -0.33858268073548087 -0.9745050914281945
0.2529673379457 -0.3769246308978395 -0.9749063835591558
0.2781389912400934 -0.41410513689820827 -0.9756656410355466
0.3020683294370912 -0.4495425970335713 -0.9768711871814606
0.32434129295518155 -0.482656233785371 -0.9786820635021094
0.34454251876894604 -0.5128660367105023 -0.9813889391789248
0.36225388900275285 -0.53959336766087 -0.9855665368561946
0.3770498222936876 -0.562264569534063 -0.9925736404684518
0.38843036805657927 -0.5803519170741598 -1.0091830133651198
0.39607952129700313 -0.5932095316964175 -1.034126171789838
0.4 -0.6 -1.0471975511965974
0.4 -0.6 -1.0471975511965974
0.4 -0.6 -1.0471975511965974

Edge
0.0 0.0 -1.0471975511965974
0.004158267670125894 -0.006982045703319178 -1.0336436431467915
0.012383961106364022 -0.02001913523124684 -1.0079329900653713
0.024720430425027296 -0.038076904689829716 -0.9714573466791503
0.04126180240926571 -0.06005345119369289 -0.9255803363293111
0.06208501780651883 -0.08481682598441868 -0.8716163119010893
0.08719884664164992 -0.11124083577776205 -0.810814417966303
0.11651062436871709 -0.13823971786029238 -0.7443473871879487
0.14980773585489734 -0.16479929352699013 -0.6733088440408386
0.18675164462246446 -0.1900044944291653 -0.5987176633598734
0.22677035320178712 -0.21325842709912984 -0.5263889685447127
0.2682472480051671 -0.23597897811618912 -0.5011434591975394
0.31039354922630696 -0.2580265082800805 -0.4819712743102027
0.35243806735334465 -0.2792248200240382 -0.46699182893931557
0.3936144788545216 -0.2993857616614471 -0.4553120607191019
0.43315724395048055 -0.31831725355726875 -0.44651163764468205
0.4703008577768822 -0.3358271829283751 -0.44051643188639567
0.5042785188873606 -0.3517253573010334 -0.43764010036784917
0.5343204651486104 -0.3658262773727804 -0.43884834329928424
0.5596468551222221 -0.3779642770296903 -0.44692074714276053
0.5793067149007577 -0.38829842488418703 -0.48395413028585743
0.5929098454634226 -0.395906497369711 -0.5099464042237383
0.6 -0.4 -0.5235987755982991
0.6 -0.4 -0.5235987755982991
0.6 -0.4 -0.5235987755982991

Edge
0.0 0.0 0.5235987755982988
0.006982045703327385 0.0041582676701309345 0.5371526836481207
0.020019135231269566 0.01238396110637905 0.562863336729571
0.038076904689871134 0.02472043042505735 0.5993389801158315
0.060053451193754895 0.04126180240931586 0.6452159904657196
0.08481682598450094 0.06208501780659389 0.6991800148939941
0.1112408357778621 0.08719884664175405 0.7599819088288354
0.13823971786040598 0.11651062436885344 0.8264489396072467
0.16479929352711137 0.14980773585506768 0.897487482754416
0.1900044944292829 0.18675164462267163 0.9720786634355563
0.2132584270993821 0.2267703532019447 1.0444073582471256
0.23597897811651372 0.26824724800529137 1.069652867595677
0.2580265082804322 0.31039354922640827 1.088825052483966
0.2792248200243822 0.35243806735343036 1.1038044978555765
0.2993857616617573 0.39361447885459705 1.115484266076356
0.3183172535575271 0.4331572439505493 1.1242846891512124
0.3358271829285712 0.47030085777694614 1.1302798949098196
0.35172535730116444 0.5042785188874203 1.1331562264285637
0.36582627737285145 0.534320465148664 1.1319479834971728
0.3779642770297149 0.5596468551222664 1.123875579653492
0.3882984248842002 0.579306714900781 1.0868421965090551
0.3959064973697157 0.5929098454634307 1.060849922571157
0.4 0.6 1.0471975511965976
0.4 0.6 1.0471975511965976
0.4 0.6 1.0471975511965976

Edge
0.0 0.0 0.5235987755982988
0.006135874999487736 0.0034471861734510687 0.5118639424319233
0.017975347321926325 0.009754533932459817 0.48949443747690113
0.035143736993124945 0.018209180076663892 0.45759279279412274
0.05698465352415427 0.02867956796901436 0.44702672365521773
0.0829273659516487 0.04084745358565746 0.4385653114415018
0.11240192897340513 0.05439124418358385 0.4307323967763362
0.14483882012052893 0.06898862869115538 0.4228740127121069
0.17966885779350805 0.084316285724653 0.4145655758222532
0.21632305371668514 0.10004909984541066 0.405441895777319
0.2542336359607149 0.11585939781301845 0.39511072880903986
0.2928343799003574 0.13141482591225367 0.38307493539838056
0.3315615832276418 0.1463738989157879 0.36861254244308567
0.3698582781202835 0.16037485294093637 0.3504968993496363
0.40718688038072204 0.17299188409034735 0.3259437825294729
0.4433060244265374 0.18273773822690373 0.2635488752297702
0.4774670473763414 0.18985299716135187 0.2053499151836521
0.5089201024730524 0.19467990346809783 0.15227582316182578
0.5369225374112986 0.1976398130300583 0.10531081698670318
0.5607443310825533 0.19920221866000734 0.06549343387438467
0.5796685162966968 0.19984422026575416 0.033911921441155166
0.592987992432343 0.19999999999999998 0.01169510199317172
0.6 0.19999999999999998 4.056105445039691e-64
0.6 0.2 -3.794614391303271e-61
0.6 0.2 0.0

Edge
0.0 0.0 0.5235987755982988
0.006739372969421371 0.004009341403355561 0.5366707522241029
0.019404183458002423 0.011978094544757177 0.5616169166959555
0.037312454437829594 0.023644150827272625 0.5773826321418685
0.0598944882305673 0.03858121024852087 0.5843876989325161
0.08656323201694795 0.05638563014694038 0.5886579861969995
0.1167327813061054 0.07665077848449982 0.5914851147286208
0.14981874539091763 0.09896809913960845 0.5934234974303029
0.18523758545131924 0.12292777971275871 0.5947568750583292
0.2224059451488153 0.14811894859515748 0.5956422534643592
0.2607411687189167 0.17413038718120374 0.5961679041767992
0.2996609028249563 0.20055045480572462 0.596379413565081
0.3385826807354806 0.22696689653688498 0.5962912353667041
0.3769246308978391 0.2529673379457007 0.5958899432357423
0.4141051368982078 0.27813899124009417 0.595130685759351
0.44954259703357086 0.302068329437092 0.5939251396134365
0.4826562337853706 0.3243412929551824 0.5921142632927864
0.5128660367105019 0.3445425187689468 0.5894073876159698
0.5395933676608695 0.3622538890027535 0.5852297899386987
0.5622645695340627 0.3770498222936881 0.5782226863264388
0.5803519170741598 0.38843036805657927 0.561613313429751
0.5932095316964175 0.3960795212970031 0.5366701550050571
0.6 0.4 0.5235987755982988
0.6 0.4 0.5235987755982988
0.6 0.4 0.5235987755982988

Edge
0.0 0.0 2.6179938779914944
-0.0069820457043609655 0.004158267670765585 2.6044399699396323
-0.02001913523413306 0.012383961108272192 2.5787293168544605
-0.03807690469508748 0.024720430428841294 2.5422536734631542
-0.060053451201555426 0.041261802415618484 2.496376663107256
-0.08481682599482504 0.06208501781600117 2.4424126386723537
-0.1112408357903739 0.08719884665475727 2.381610744730564
-0.13823971787452163 0.1165106243857942 2.3151437139449507
-0.1647992935419781 0.14980773587613033 2.2441051707885435
-0.19000449444222836 0.1867516446489141 2.1695139900530944
-0.21325842712739693 0.2267703532225905 2.0971852956858075
-0.23597897815078878 0.2682472480226771 2.07193978614332
-0.2580265083147613 0.31039354924197216 2.052767601124532
-0.2792248200543794 0.3524380673680868 2.0377881556609956
-0.29938576168467473 0.3936144788688116 2.0261083873796246
-0.31831725357219964 0.4331572439643567 2.017307964273904
-0.3358271829354103 0.4703008577899475 2.0113127585168202
-0.3517253573021795 0.5042785188987685 2.008436427040041
-0.36582627737168205 0.5343204651570421 2.009644670070944
-0.3779642770312381 0.5596468551260747 2.0177170740907133
-0.38829842488513705 0.579306714902548 2.054750457099887
-0.3959064973700416 0.592909845463995 2.080742731022026
-0.4 0.6 2.0943951023931953
-0.4 0.6 2.0943951023931953
-0.4 0.6 2.0943951023931953

Edge
0.0 0.0 2.6179938779914944
-0.006135874999487739 0.0034471861734510704 2.62972871115787
-0.017975347321926335 0.00975453393245982 2.652098216112892
-0.03514373699312496 0.018209180076663896 2.6839998607956708
-0.056984653524154286 0.02867956796901436 2.694565929934576
-0.08292736595164872 0.04084745358565746 2.7030273421482915
-0.11240192897340519 0.054391244183583855 2.710860256813457
-0.14483882012052898 0.0689886286911554 2.7187186408776864
-0.17966885779350814 0.08431628572465302 2.72702707776754
-0.2163230537166852 0.10004909984541067 2.7361507578124744
-0.254233635960715 0.11585939781301846 2.7464819247807535
-0.29283437990035743 0.13141482591225367 2.758517718191413
-0.33156158322764184 0.1463738989157879 2.772980111146708
-0.36985827812028355 0.1603748529409364 2.791095754240157
-0.40718688038072204 0.17299188409034733 2.8156488710603202
-0.4433060244265374 0.18273773822690373 2.878043778360023
-0.4774670473763413 0.18985299716135187 2.936242738406141
-0.5089201024730524 0.19467990346809783 2.989316830427967
-0.5369225374112985 0.1976398130300583 3.03628183660309
-0.5607443310825533 0.1992022186600074 3.0760992197154087
-0.5796685162966968 0.19984422026575419 3.107680732148638
-0.592987992432343 0.2 3.129897551596622
-0.6 0.2 3.141592653589793
-0.6 0.2 3.141592653589793
-0.6 0.2 3.141592653589793

Edge
0.0 0.0 2.6179938779914944
-0.00673937296942137 0.004009341403355561 2.60492190136569
-0.019404183458002423 0.011978094544757178 2.5799757368938376
-0.03731245443782959 0.023644150827272625 2.564210021447925
-0.05989448823056729 0.03858121024852087 2.5572049546572773
-0.08656323201694795 0.05638563014694038 2.5529346673927935
-0.11673278130610541 0.07665077848449982 2.5501075388611723
-0.14981874539091763 0.09896809913960845 2.5481691561594904
-0.18523758545131924 0.12292777971275873 2.546835778531464
-0.2224059451488153 0.1481189485951575 2.545950400125434
-0.2607411687189167 0.17413038718120372 2.545424749412994
-0.29966090282495633 0.20055045480572464 2.5452132400247125
-0.3385826807354806 0.22696689653688498 2.5453014182230893
-0.3769246308978391 0.25296733794570064 2.545702710354051
-0.41410513689820777 0.27813899124009417 2.546461967830442
-0.4495425970335708 0.30206832943709194 2.5476675139763567
-0.48265623378537054 0.32434129295518227 2.549478390297007
-0.5128660367105019 0.3445425187689467 2.552185265973823
-0.5395933676608695 0.36225388900275346 2.556362863651094
-0.5622645695340627 0.37704982229368805 2.563369967263354
-0.5803519170741598 0.3884303680565793 2.5799793401600417
-0.5932095316964175 0.3960795212970031 2.604922498584736
-0.6 0.4 2.6179938779914944
-0.6 0.4 2.6179938779914944
-0.6 0.4 2.6179938779914944

Edge
0.0 0.0 -2.617993877991494
-0.006982045703334873 -0.004158267670135534 -2.6044399699416574
-0.0200191352312903 -0.01238396110639276 -2.5787293168601804
-0.038076904689908916 -0.024720430425084775 -2.5422536734738834
-0.0600534511938115 -0.04126180240936163 -2.496376663123952
-0.08481682598457616 -0.062085017806662444 -2.4424126386956293
-0.1112408357779538 -0.0871988466418493 -2.3816107447607378
-0.13823971786051037 -0.11651062436897841 -2.315143713982275
-0.16479929352722342 -0.14980773585522414 -2.2441051708350566
-0.190004494429396 -0.18675164462286012 -2.1695139901538516
-0.2132584270996239 -0.2267703532020859 -2.0971852953455867
-0.23597897811683047 -0.26824724800539945 -2.071939785995844
-0.2580265082807842 -0.310393549226492 -2.05276760110672
-0.2792248200247378 -0.3524380673534965 -2.037788155734452
-0.299385761662091 -0.3936144788546512 -2.0261083875131245
-0.318317253557819 -0.4331572439505959 -2.0173079644377934
-0.33582718292880626 -0.4703008577769891 -2.0113127586787627
-0.3517253573013328 -0.5042785188874626 -2.0084364271596273
-0.3658262773729482 -0.5343204651487081 -2.0096446700906467
-0.37796427702974233 -0.5596468551223127 -2.0177170739340395
-0.3882984248842144 -0.579306714900806 -2.05475045708066
-0.39590649736972083 -0.5929098454634396 -2.080742731018627
-0.4 -0.6 -2.0943951023931957
-0.4 -0.6 -2.0943951023931957
-0.4 -0.6 -2.0943951023931957

Edge
0.0 0.0 -2.617993877991494
-0.006135874999487738 -0.00344718617345107 -2.6297287111578695
-0.017975347321926325 -0.009754533932459824 -2.6520982161128916
-0.035143736993124945 -0.018209180076663903 -2.6839998607956703
-0.056984653524154265 -0.028679567969014386 -2.6945659299345746
-0.08292736595164868 -0.040847453585657494 -2.7030273421482907
-0.11240192897340513 -0.0543912441835839 -2.710860256813456
-0.14483882012052893 -0.06898862869115545 -2.718718640877686
-0.17966885779350808 -0.08431628572465306 -2.7270270777675396
-0.2163230537166852 -0.10004909984541074 -2.736150757812474
-0.254233635960715 -0.11585939781301853 -2.746481924780753
-0.29283437990035743 -0.13141482591225376 -2.7585177181914124
-0.33156158322764184 -0.14637389891578798 -2.7729801111467074
-0.36985827812028355 -0.16037485294093645 -2.791095754240157
-0.40718688038072204 -0.17299188409034738 -2.8156488710603207
-0.4433060244265374 -0.18273773822690378 -2.8780437783600235
-0.4774670473763413 -0.1898529971613519 -2.936242738406141
-0.5089201024730524 -0.19467990346809788 -2.9893168304279674
-0.5369225374112985 -0.19763981303005831 -3.03628183660309
-0.5607443310825533 -0.1992022186600074 -3.0760992197154087
-0.5796685162966967 -0.19984422026575419 -3.107680732148638
-0.592987992432343 -0.2 -3.1298975515966214
-0.6 -0.2 3.141592653589793
-0.6 -0.2 3.141592653589793
-0.6 -0.2 3.141592653589793

Edge
0.0 0.0 -2.617993877991494
-0.006739372969421368 -0.004009341403355563 -2.6049219013656897
-0.019404183458002405 -0.011978094544757203 -2.579975736893836
-0.03731245443782955 -0.023644150827272673 -2.564210021447923
-0.05989448823056724 -0.038581210248520945 -2.557204954657276
-0.08656323201694788 -0.056385630146940466 -2.5529346673927926
-0.11673278130610534 -0.07665077848449992 -2.550107538861172
-0.14981874539091758 -0.09896809913960855 -2.54816915615949
-0.18523758545131916 -0.12292777971275883 -2.546835778531464
-0.22240594514881523 -0.1481189485951576 -2.5459504001254336
-0.26074116871891667 -0.1741303871812038 -2.5454247494129936
-0.2996609028249562 -0.20055045480572473 -2.545213240024712
-0.33858268073548053 -0.22696689653688507 -2.5453014182230893
-0.376924630897839 -0.25296733794570075 -2.545702710354051
-0.4141051368982077 -0.2781389912400942 -2.5464619678304428
-0.44954259703357086 -0.302068329437092 -2.547667513976357
-0.4826562337853706 -0.3243412929551823 -2.5494783902970073
-0.5128660367105019 -0.3445425187689467 -2.5521852659738236
-0.5395933676608695 -0.36225388900275346 -2.556362863651094
-0.5622645695340627 -0.37704982229368805 -2.5633699672633536
-0.5803519170741598 -0.38843036805657927 -2.5799793401600395
-0.5932095316964175 -0.3960795212970031 -2.6049224985847355
-0.6 -0.4 -2.617993877991494
-0.6 -0.4 -2.617993877991494
-0.6 -0.4 -2.617993877991494

Edge
0.0 0.0 -0.5235987755982991
0.006982045703344545 -0.004158267670141477 -0.5371526836481548
0.020019135231317084 -0.012383961106410482 -0.5628633367296665
0.03807690468995773 -0.02472043042512021 -0.5993389801160101
0.0600534511938846 -0.04126180240942074 -0.6452159904659984
0.08481682598467315 -0.0620850178067509 -0.6991800148943828
0.11124083577807185 -0.08719884664197212 -0.7599819088293414
0.1382397178606445 -0.11651062436913931 -0.8264489396078689
0.16479929352736677 -0.14980773585542523 -0.8974874827551576
0.1900044944295365 -0.18675164462310412 -0.9720786634365357
0.21325842709992526 -0.22677035320227076 -1.044407358240555
0.23597897811722043 -0.268247248005544 -1.0696528675918966
0.25802650828120993 -0.31039354922660817 -1.0888250524821297
0.2792248200251583 -0.352438067353593 -1.1038044978552515
0.299385761662475 -0.3936144788547346 -1.1154842660772566
0.3183172535581438 -0.43315724395067096 -1.1242846891531304
0.3358271829290577 -0.47030085777705877 -1.1302798949125865
0.35172535730150495 -0.5042785188875283 -1.133156226432031
0.36582627737304363 -0.5343204651487694 -1.131947983501183
0.3779642770297731 -0.559646855122367 -1.1238755796577262
0.3882984248842308 -0.5793067149008347 -1.086842196509175
0.39590649736972666 -0.5929098454634497 -1.0608499225711698
0.4 -0.6 -1.0471975511965974
0.4 -0.6 -1.0471975511965974
0.4 -0.6 -1.0471975511965974

Edge
0.0 0.0 -0.5235987755982991
0.006135874999487734 -0.0034471861734510713 -0.5118639424319236
0.01797534732192632 -0.009754533932459826 -0.48949443747690147
0.03514373699312494 -0.0182091800766639 -0.4575927927941219
0.056984653524154265 -0.02867956796901436 -0.4470267236552168
0.08292736595164867 -0.040847453585657466 -0.43856531144150157
0.1124019289734051 -0.05439124418358386 -0.4307323967763361
0.1448388201205289 -0.06898862869115541 -0.4228740127121071
0.17966885779350805 -0.08431628572465304 -0.4145655758222535
0.21632305371668512 -0.1000490998454107 -0.4054418957773178
0.2542336359607149 -0.11585939781301847 -0.39511072880903964
0.2928343799003573 -0.1314148259122537 -0.38307493539838067
0.3315615832276417 -0.14637389891578792 -0.3686125424430857
0.3698582781202834 -0.16037485294093642 -0.35049689934963624
0.4071868803807219 -0.17299188409034738 -0.325943782529472
0.4433060244265373 -0.18273773822690376 -0.26354887522977055
0.4774670473763413 -0.18985299716135187 -0.20534991518365153
0.5089201024730524 -0.1946799034680978 -0.1522758231618253
0.5369225374112986 -0.19763981303005831 -0.10531081698670253
0.5607443310825533 -0.19920221866000734 -0.06549343387438356
0.5796685162966968 -0.19984422026575416 -0.03391192144115429
0.5929879924323431 -0.19999999999999998 -0.011695101993170809
0.6 -0.19999999999999998 0.0
0.6 -0.2 0.0
0.6 -0.2 0.0

Edge
0.0 0.0 -0.5235987755982991
0.006739372969421364 -0.004009341403355563 -0.5366707522241034
0.019404183458002346 -0.011978094544757279 -0.5616169166959635
0.037312454437829455 -0.023644150827272812 -0.5773826321418731
0.05989448823056712 -0.03858121024852112 -0.5843876989325185
0.08656323201694774 -0.05638563014694066 -0.5886579861970009
0.11673278130610518 -0.07665077848450011 -0.5914851147286209
0.14981874539091744 -0.09896809913960873 -0.5934234974303019
0.18523758545131908 -0.12292777971275898 -0.5947568750583283
0.22240594514881518 -0.14811894859515767 -0.5956422534643568
0.26074116871891667 -0.17413038718120383 -0.5961679041767969
0.2996609028249563 -0.20055045480572467 -0.5963794135650788
0.3385826807354806 -0.226966896536885 -0.596291235366702
0.3769246308978392 -0.25296733794570064 -0.5958899432357398
0.4141051368982079 -0.2781389912400941 -0.595130685759349
0.44954259703357097 -0.30206832943709183 -0.5939251396134342
0.4826562337853707 -0.32434129295518216 -0.5921142632927854
0.512866036710502 -0.34454251876894654 -0.5894073876159691
0.5395933676608696 -0.3622538890027533 -0.5852297899386993
0.5622645695340628 -0.37704982229368794 -0.5782226863264404
0.5803519170741598 -0.38843036805657927 -0.561613313429759
0.5932095316964175 -0.3960795212970031 -0.5366701550050577
0.6 -0.4 -0.5235987755982991
0.6 -0.4 -0.5235987755982991
0.6 -0.4 -0.5235987755982991
